5 0.711851 0.605308 0.141074 0.645548
5 0.882216 0.588185 0.127923 0.638699
5 0.112285 0.329623 0.115968 0.330479
5 0.258141 0.330479 0.137488 0.308219
5 0.408182 0.345034 0.138683 0.316781
5 0.549256 0.340753 0.121946 0.311644
3 0.794343 0.188356 0.064559 0.061644
3 0.889987 0.318493 0.069342 0.071918
3 0.717828 0.342466 0.071733 0.095890
3 0.543279 0.221747 0.062168 0.073630
3 0.401607 0.214897 0.075319 0.063356
3 0.243795 0.210616 0.075319 0.068493
3 0.104514 0.197774 0.071733 0.077055
3 0.674789 0.186644 0.047822 0.061644
3 0.286834 0.132705 0.051408 0.046233
3 0.197169 0.107021 0.065755 0.035959
3 0.413562 0.111301 0.051408 0.034247
3 0.534910 0.108733 0.054995 0.029110
3 0.649682 0.111301 0.059777 0.034247
3 0.762661 0.118151 0.051408 0.034247
2 0.539692 0.454623 0.119554 0.114726
2 0.408182 0.447774 0.121946 0.104452
2 0.258739 0.444349 0.117163 0.094178
2 0.106905 0.445205 0.098035 0.099315
2 0.702884 0.622432 0.130314 0.142123
2 0.879227 0.582192 0.107599 0.147260