5 0.470018 0.524829 0.219195 0.946918
5 0.874841 0.538527 0.250318 0.922945
5 0.666538 0.619863 0.181403 0.760274
5 0.293024 0.638699 0.170065 0.708904
5 0.123589 0.499144 0.219195 0.984589
0 0.870617 0.158390 0.105818 0.104452
0 0.669687 0.288527 0.104559 0.087329
0 0.471908 0.110445 0.102039 0.083904
0 0.300583 0.343322 0.094481 0.101027
0 0.122329 0.063356 0.105818 0.102740
2 0.869987 0.676370 0.212897 0.448630
2 0.671577 0.690925 0.209117 0.285959
2 0.473797 0.421233 0.219195 0.222603
2 0.295544 0.712329 0.152429 0.500000
2 0.121069 0.462329 0.211637 0.236301