0 0.140426 0.107021 0.118395 0.066781
0 0.309371 0.098459 0.129037 0.073630
0 0.483638 0.110445 0.097110 0.063356
0 0.659899 0.100171 0.111743 0.073630
0 0.832835 0.107021 0.117064 0.066781
0 0.747698 0.227740 0.119725 0.054795
0 0.574762 0.220890 0.101101 0.061644
0 0.396504 0.219178 0.111743 0.061644
0 0.218913 0.221747 0.115734 0.073630
0 0.306046 0.349315 0.117064 0.058219
0 0.483638 0.344178 0.123716 0.047945
0 0.654578 0.349315 0.106422 0.058219
4 0.653248 0.630137 0.154312 0.195205
4 0.476321 0.627568 0.148991 0.200342
4 0.300059 0.622432 0.150321 0.203767
4 0.766321 0.501712 0.122385 0.205479
4 0.853455 0.374144 0.123716 0.159247
4 0.105174 0.384418 0.109083 0.135274
4 0.389188 0.456336 0.083807 0.128425
4 0.564785 0.445205 0.091789 0.109589
4 0.307376 0.303938 0.095780 0.053082
4 0.661895 0.317637 0.086468 0.083904
4 0.183660 0.456336 0.085138 0.083904
4 0.480977 0.302226 0.083807 0.066781
5 0.655243 0.604452 0.171606 0.636986
5 0.478317 0.621575 0.145000 0.657534
5 0.296734 0.616438 0.164954 0.626712
5 0.759005 0.486301 0.158303 0.606164
5 0.846803 0.373288 0.184908 0.698630
5 0.107834 0.368151 0.167615 0.650685
5 0.202949 0.490582 0.166285 0.638699