0 0.506747 0.082192 0.134939 0.095890
0 0.853732 0.163527 0.122087 0.083904
0 0.693894 0.120719 0.149396 0.107877
0 0.317190 0.130137 0.138151 0.092466
0 0.158156 0.161815 0.131726 0.118151
5 0.506747 0.508562 0.269877 0.965753
5 0.881041 0.494007 0.189557 0.837329
5 0.305946 0.495719 0.208833 0.905822
5 0.716384 0.473459 0.197589 0.926370
5 0.138879 0.485445 0.183131 0.847603
4 0.882647 0.514555 0.151003 0.241438
4 0.723613 0.520548 0.195982 0.239726
4 0.509157 0.521404 0.245781 0.251712
4 0.305142 0.532534 0.191163 0.273973
4 0.148517 0.539384 0.176705 0.256849